24748.3333 24758.8889 24827.2222 24904.4444 24996.1111 25010 25030.8333 25067.7778 25100 25103.3333 25121.9444 25150.8333 25158.3333 25162.2222 25167.77781 25168.8889 25173.8889 25210.8333 25211.3889 25214.1667 25214.4444 25223.3333 25224.1667 25233.3333 25234.1667 25235.5556 25235.5556 25242.7778 25243.0556 25252.5 25253.8889 25253.8889 25256.9444 25263.6111 25265.8333 25266.6667 25266.6667 25270.5556 25270.8333 25270.8333 25275.8333 25277.2222 25278.3333 25278.3333 25279.1667 25281.1111 25281.3889 25283.3333 25283.6111 25284.7222 25286.1111 25286.1111 25286.6667 25287.5 25288.0556 25290.8333 25291.9444 25292.5 25298.6111 25300.8333 25306.9444 25311.9444 25313.8889 25315.2778 25316.6667 25320.5556 25322.5 25325.2778 25326.6667 25337.5 25339.1667 25340.5556 25341.9444 25358.8889 25363.6111 25368.6111 25374.4444 25377.7778 25396.9444 25400 25400 25404.7222 25416.9444 25416.9444 25419.4444 25429.7222 25433.3333 25440.8333 25444.4444 25451.3889 25459.1667 25469.7222 25478.0556 25480.5556 25483.3333 25490.5556 25492.2222 25495 25495 25497.5 25500.8333 25510.5556 25531.9444 25533.3333 25538.8889 25545.8333 25549.7222 25550 25560.2778 25566.9444 25567.5 25574.7222 25585.5556 25609.4444 25610.2778 25622.5 25645.8333 25650 25666.9444 25683.8889 25686.3889 25696.1111 25700.8333 25708.3333 25716.6667 25717.5 25723.0556 25734.7222 25751.1111 25751.9444 25758.3333 25765.2778 25772.2222 25775.8333 25779.1667 25793.3333 25808.3333 25816.6667 25823.6111 25826.6667 25829.7222 25833.3333 25839.1667 25847.7778 25850 25856.6667 25857.5 25857.5 25866.6667 25867.7778 25871.9444 25872.5 25880.8333 25883.0556 25888.0556 25900 25904.1667 25928.3333 25937.5 25944.7222 25950 25951.6667 25957.7778 25958.3333 25966.6667 25983.3333 25983.6111 26000.2778 26008.6111 26016.6667 26021.6667 26033.3333 26033.3333 26033.6111 26033.6111 26048.8889 26050 26050.2778 26050.5556 26055 26067.2222 26074.7222 26076.6667 26077.2222 26078.0556 26083.6111 26099.7222 26108.0556 26116.6667 26123.6111 26123.6111 26133.3333 26133.3333 26150.2778
50840 51211.9444 51394.7222 51175 51548.8889 51039.4444 51275.2778 51077.5 51516.6667 51521.6667 51218.3333 51537.7778 51163.6111 51220.8333 51606.9444 51086.3889 51269.4444 51394.1667 51619.1667 50807.2222 51378.8889 51451.6667 51174.4444 51333.3333 51203.0556 51330 51495.5556 51428.8889 51452.5 51559.1667 51535.2778 51549.7222 51398.8889 51516.3889 51545.2778 50969.1667 51483.3333 51532.7778 51505.8333 51523.0556 51533.6111 51547.7778 51525.5556 51541.3889 51445.5556 51535 51512.5 51533.3333 51546.6667 51555.2778 51504.1667 51534.1667 51533.3333 51537.7778 51546.6667 51528.3333 51424.4444 51520.8333 51001.6667 51394.4444 51507.7778 51003.0556 50883.3333 51438.6111 50766.6667 51495.5556 51507.7778 51470 51350.2778 51425 51173.3333 51293.6111 51507.5 51333.6111 51281.1111 51226.3889 51436.6667 51294.7222 51422.5 51183.3333 51425 51073.0556 51403.8889 51457.7778 50793.6111 50785.8333 51220 51378.0556 50958.3333 50925 51316.6667 51397.5 51362.5 50938.8889 51383.3333 51373.6111 51400.2778 50846.6667 50965.2778 51485.2778 50980.5556 51242.2222 51304.4444 50977.2222 51408.3333 51387.5 51431.9444 51433.3333 51158.6111 51484.7222 50958.8889 51486.3889 51151.3889 51092.2222 51475.2778 51454.4444 51450 51372.2222 51174.4444 51505.8333 51468.8889 51260.8333 51584.7222 51591.6667 51050 51057.7778 51004.1667 51547.5 51449.1667 50920.8333 51395.8333 51019.7222 51483.3333 51023.0556 51449.7222 51409.4444 51060.5556 51133.3333 51152.5 51043.8889 51245.2778 51072.2222 51465.2778 51205.8333 51033.3333 51083.3333 51298.8889 51441.3889 51066.6667 51205.5556 51354.7222 51258.3333 51221.3889 51185.2778 51386.3889 51e3 51201.6667 51337.5 51313.3333 51456.3889 51066.6667 51349.7222 51075.2778 51099.4444 51283.3333 51400 51328.0556 51294.4444 51083.6111 51333.3333 51366.9444 51116.6667 51166.6667 51163.8889 51200.2778 51056.9444 51250 51297.5 51135.8333 51316.1111 51258.6111 51083.6111 51166.9444 51222.2222 51361.6667 51147.2222 51161.1111 51244.7222 51216.6667 51169.1667 51222.7778 51216.6667 51300 51108.0556
132
132 134
132 134 127
132 134 125 127
132 134 126 125 127
132 134 137 126 125 127
132 134 140 137 126 125 127
132 134 140 145 137 126 125 127
132 134 140 145 142 137 126 125 127
132 134 140 145 146 142 137 126 125 127
132 134 140 145 149 146 142 137 126 125 127
132 134 140 145 156 149 146 142 137 126 125 127
132 134 140 145 156 149 146 142 137 138 126 125 127
132 134 140 145 156 149 146 142 137 138 139 126 125 127
132 134 140 145 156 149 146 142 137 138 144 139 126 125 127
132 134 140 145 156 149 146 142 137 138 150 144 139 126 125 127
132 134 140 145 156 149 146 142 137 138 153 150 144 139 126 125 127
132 134 140 145 156 149 146 142 137 138 154 153 150 144 139 126 125 127
132 134 140 145 156 149 146 142 137 138 154 157 153 150 144 139 126 125 127
132 134 140 145 156 149 146 142 137 138 154 157 152 153 150 144 139 126 125 127
132 134 140 145 156 149 146 142 137 138 154 157 147 152 153 150 144 139 126 125 127
132 134 140 145 156 149 146 142 137 138 154 157 141 147 152 153 150 144 139 126 125 127
132 134 140 145 156 149 146 142 137 138 154 157 141 147 151 152 153 150 144 139 126 125 127
132 134 140 145 156 149 146 142 137 138 154 157 141 147 151 155 152 153 150 144 139 126 125 127
132 134 140 145 156 149 146 142 137 138 154 157 141 147 151 155 158 152 153 150 144 139 126 125 127
132 134 140 145 156 149 146 142 137 138 154 157 141 147 151 155 158 159 152 153 150 144 139 126 125 127
132 134 140 145 156 149 146 142 137 138 154 157 141 147 151 155 158 162 159 152 153 150 144 139 126 125 127
132 134 140 145 156 149 146 142 137 138 154 157 141 147 151 155 158 162 167 159 152 153 150 144 139 126 125 127
132 134 140 145 156 149 146 142 137 138 154 157 141 147 151 155 158 162 170 167 159 152 153 150 144 139 126 125 127
132 134 140 145 156 149 146 142 137 138 154 157 141 147 151 155 158 162 171 170 167 159 152 153 150 144 139 126 125 127
132 134 140 145 156 149 146 142 137 138 154 157 141 147 151 155 158 162 171 170 168 167 159 152 153 150 144 139 126 125 127
132 134 140 145 156 149 146 142 137 138 154 157 141 147 151 155 158 162 171 170 168 167 159 165 152 153 150 144 139 126 125 127
132 134 140 145 156 149 146 142 137 138 154 157 141 147 151 155 158 162 180 171 170 168 167 159 165 152 153 150 144 139 126 125 127
132 134 140 145 156 149 146 142 137 138 154 157 141 147 151 155 158 162 180 171 170 178 168 167 159 165 152 153 150 144 139 126 125 127
132 134 140 145 156 149 146 142 137 138 154 157 141 147 151 155 158 162 180 171 170 178 181 168 167 159 165 152 153 150 144 139 126 125 127
132 134 140 145 156 149 146 142 137 138 154 157 141 147 151 155 158 162 180 171 170 178 177 181 168 167 159 165 152 153 150 144 139 126 125 127
132 134 140 145 156 149 146 142 137 138 154 157 141 147 151 155 158 162 180 171 170 178 177 181 184 168 167 159 165 152 153 150 144 139 126 125 127
132 134 140 145 156 149 146 142 137 138 154 157 141 147 151 155 158 162 180 171 170 178 177 181 188 184 168 167 159 165 152 153 150 144 139 126 125 127
132 134 140 145 156 149 146 142 137 138 154 157 141 147 151 155 158 162 180 171 170 178 177 181 188 191 184 168 167 159 165 152 153 150 144 139 126 125 127
132 134 140 145 156 149 146 142 137 138 154 157 141 147 151 155 158 162 180 171 170 178 177 181 188 191 189 184 168 167 159 165 152 153 150 144 139 126 125 127
132 134 140 145 156 149 146 142 137 138 154 157 141 147 151 155 158 162 180 171 170 178 177 181 188 192 191 189 184 168 167 159 165 152 153 150 144 139 126 125 127
132 134 140 145 156 149 146 142 137 138 154 157 141 147 151 155 158 162 180 171 170 178 177 181 188 190 192 191 189 184 168 167 159 165 152 153 150 144 139 126 125 127
132 134 140 145 156 149 146 142 137 138 154 157 141 147 151 155 158 162 180 171 170 178 177 181 188 190 187 192 191 189 184 168 167 159 165 152 153 150 144 139 126 125 127
132 134 140 145 156 149 146 142 137 138 154 157 141 147 151 155 158 162 180 171 170 178 177 181 188 190 187 186 192 191 189 184 168 167 159 165 152 153 150 144 139 126 125 127
132 134 140 145 156 149 146 142 137 138 154 157 141 147 151 155 158 162 180 171 170 178 177 181 188 190 187 183 186 192 191 189 184 168 167 159 165 152 153 150 144 139 126 125 127
132 134 140 145 156 149 146 142 137 138 154 157 141 147 151 155 158 162 180 171 170 178 177 181 188 190 187 179 183 186 192 191 189 184 168 167 159 165 152 153 150 144 139 126 125 127
132 134 140 145 156 149 146 142 137 138 154 157 141 147 151 155 158 162 180 171 170 178 177 181 188 190 187 179 172 183 186 192 191 189 184 168 167 159 165 152 153 150 144 139 126 125 127
132 134 140 145 156 149 146 142 137 138 154 157 141 147 151 155 158 162 180 171 170 178 177 181 188 190 187 179 174 172 183 186 192 191 189 184 168 167 159 165 152 153 150 144 139 126 125 127
132 134 140 145 156 149 146 142 137 138 154 157 141 147 151 155 158 162 180 171 170 178 177 181 188 190 187 179 174 172 173 183 186 192 191 189 184 168 167 159 165 152 153 150 144 139 126 125 127
132 134 140 145 156 149 146 142 137 138 154 157 141 147 151 155 158 162 180 171 170 178 177 181 188 190 187 179 174 172 175 173 183 186 192 191 189 184 168 167 159 165 152 153 150 144 139 126 125 127
132 134 140 145 156 149 146 142 137 138 154 157 141 147 151 155 158 162 180 171 170 178 177 181 188 190 187 179 174 172 169 175 173 183 186 192 191 189 184 168 167 159 165 152 153 150 144 139 126 125 127
132 134 140 145 156 149 146 142 137 138 154 157 141 147 151 155 158 162 180 171 170 178 177 181 188 190 187 179 174 172 176 169 175 173 183 186 192 191 189 184 168 167 159 165 152 153 150 144 139 126 125 127
132 134 140 145 156 149 146 142 137 138 154 157 141 147 151 155 158 162 180 171 170 178 177 181 188 190 187 179 174 172 176 182 169 175 173 183 186 192 191 189 184 168 167 159 165 152 153 150 144 139 126 125 127
132 134 140 145 156 149 146 142 137 138 154 157 141 147 151 155 158 162 180 166 171 170 178 177 181 188 190 187 179 174 172 176 182 169 175 173 183 186 192 191 189 184 168 167 159 165 152 153 150 144 139 126 125 127
132 134 140 145 156 149 146 142 137 138 154 157 141 147 151 155 158 162 185 180 166 171 170 178 177 181 188 190 187 179 174 172 176 182 169 175 173 183 186 192 191 189 184 168 167 159 165 152 153 150 144 139 126 125 127
132 134 140 145 156 149 146 142 137 138 154 157 141 147 151 155 158 162 185 180 166 171 170 178 177 181 188 190 187 179 174 172 176 182 169 163 175 173 183 186 192 191 189 184 168 167 159 165 152 153 150 144 139 126 125 127
132 134 140 145 156 149 146 142 137 138 154 157 141 147 151 155 158 162 185 180 166 171 170 178 177 181 188 190 187 179 174 172 176 182 169 163 161 175 173 183 186 192 191 189 184 168 167 159 165 152 153 150 144 139 126 125 127
132 134 140 145 156 149 146 142 137 138 154 157 141 147 151 155 158 162 185 180 166 171 170 178 177 181 188 190 187 179 174 172 176 182 169 163 161 164 175 173 183 186 192 191 189 184 168 167 159 165 152 153 150 144 139 126 125 127
132 134 140 145 156 149 146 142 137 138 154 157 141 147 151 155 158 162 185 180 166 171 170 178 177 181 188 193 190 187 179 174 172 176 182 169 163 161 164 175 173 183 186 192 191 189 184 168 167 159 165 152 153 150 144 139 126 125 127
132 134 140 145 156 149 146 142 137 138 154 157 141 147 151 148 155 158 162 185 180 166 171 170 178 177 181 188 193 190 187 179 174 172 176 182 169 163 161 164 175 173 183 186 192 191 189 184 168 167 159 165 152 153 150 144 139 126 125 127
132 134 140 145 156 149 146 142 137 138 154 157 141 147 151 148 143 155 158 162 185 180 166 171 170 178 177 181 188 193 190 187 179 174 172 176 182 169 163 161 164 175 173 183 186 192 191 189 184 168 167 159 165 152 153 150 144 139 126 125 127
132 134 140 145 156 149 146 142 137 138 154 157 141 147 151 148 135 143 155 158 162 185 180 166 171 170 178 177 181 188 193 190 187 179 174 172 176 182 169 163 161 164 175 173 183 186 192 191 189 184 168 167 159 165 152 153 150 144 139 126 125 127
132 134 140 145 156 149 146 142 137 138 154 157 141 147 151 148 129 135 143 155 158 162 185 180 166 171 170 178 177 181 188 193 190 187 179 174 172 176 182 169 163 161 164 175 173 183 186 192 191 189 184 168 167 159 165 152 153 150 144 139 126 125 127
132 134 140 145 156 149 146 142 137 138 154 157 141 147 151 148 133 129 135 143 155 158 162 185 180 166 171 170 178 177 181 188 193 190 187 179 174 172 176 182 169 163 161 164 175 173 183 186 192 191 189 184 168 167 159 165 152 153 150 144 139 126 125 127
132 134 140 145 156 149 146 142 137 138 154 157 141 147 151 148 136 133 129 135 143 155 158 162 185 180 166 171 170 178 177 181 188 193 190 187 179 174 172 176 182 169 163 161 164 175 173 183 186 192 191 189 184 168 167 159 165 152 153 150 144 139 126 125 127
132 134 140 145 156 149 146 142 137 138 154 157 141 147 151 148 136 133 129 131 135 143 155 158 162 185 180 166 171 170 178 177 181 188 193 190 187 179 174 172 176 182 169 163 161 164 175 173 183 186 192 191 189 184 168 167 159 165 152 153 150 144 139 126 125 127
132 134 140 145 156 149 146 142 137 138 154 157 141 147 151 148 136 133 129 131 135 143 155 158 162 185 180 166 171 170 178 177 181 188 193 190 194 187 179 174 172 176 182 169 163 161 164 175 173 183 186 192 191 189 184 168 167 159 165 152 153 150 144 139 126 125 127
132 134 140 145 156 149 146 142 137 138 154 157 141 147 151 148 136 121 133 129 131 135 143 155 158 162 185 180 166 171 170 178 177 181 188 193 190 194 187 179 174 172 176 182 169 163 161 164 175 173 183 186 192 191 189 184 168 167 159 165 152 153 150 144 139 126 125 127
132 134 140 145 156 149 146 142 137 138 154 157 141 147 151 148 136 120 121 133 129 131 135 143 155 158 162 185 180 166 171 170 178 177 181 188 193 190 194 187 179 174 172 176 182 169 163 161 164 175 173 183 186 192 191 189 184 168 167 159 165 152 153 150 144 139 126 125 127
132 134 140 145 156 149 146 142 137 138 154 157 141 147 151 148 136 117 120 121 133 129 131 135 143 155 158 162 185 180 166 171 170 178 177 181 188 193 190 194 187 179 174 172 176 182 169 163 161 164 175 173 183 186 192 191 189 184 168 167 159 165 152 153 150 144 139 126 125 127
132 134 140 145 156 149 146 142 137 138 154 157 141 147 151 148 136 117 116 120 121 133 129 131 135 143 155 158 162 185 180 166 171 170 178 177 181 188 193 190 194 187 179 174 172 176 182 169 163 161 164 175 173 183 186 192 191 189 184 168 167 159 165 152 153 150 144 139 126 125 127
132 134 140 145 156 149 146 142 137 138 154 157 141 147 151 148 136 117 115 116 120 121 133 129 131 135 143 155 158 162 185 180 166 171 170 178 177 181 188 193 190 194 187 179 174 172 176 182 169 163 161 164 175 173 183 186 192 191 189 184 168 167 159 165 152 153 150 144 139 126 125 127
132 134 140 145 156 149 146 142 137 138 154 157 141 147 151 148 136 117 115 112 116 120 121 133 129 131 135 143 155 158 162 185 180 166 171 170 178 177 181 188 193 190 194 187 179 174 172 176 182 169 163 161 164 175 173 183 186 192 191 189 184 168 167 159 165 152 153 150 144 139 126 125 127
132 134 140 145 156 149 146 142 137 138 154 157 141 147 151 148 136 117 115 110 112 116 120 121 133 129 131 135 143 155 158 162 185 180 166 171 170 178 177 181 188 193 190 194 187 179 174 172 176 182 169 163 161 164 175 173 183 186 192 191 189 184 168 167 159 165 152 153 150 144 139 126 125 127
132 134 140 145 156 149 146 142 137 138 154 157 141 147 151 148 136 117 115 110 108 112 116 120 121 133 129 131 135 143 155 158 162 185 180 166 171 170 178 177 181 188 193 190 194 187 179 174 172 176 182 169 163 161 164 175 173 183 186 192 191 189 184 168 167 159 165 152 153 150 144 139 126 125 127
132 134 140 145 156 149 146 142 137 138 154 157 141 147 151 148 136 117 115 110 108 107 112 116 120 121 133 129 131 135 143 155 158 162 185 180 166 171 170 178 177 181 188 193 190 194 187 179 174 172 176 182 169 163 161 164 175 173 183 186 192 191 189 184 168 167 159 165 152 153 150 144 139 126 125 127
132 134 140 145 156 149 146 142 137 138 154 157 141 147 151 148 136 117 115 110 108 105 107 112 116 120 121 133 129 131 135 143 155 158 162 185 180 166 171 170 178 177 181 188 193 190 194 187 179 174 172 176 182 169 163 161 164 175 173 183 186 192 191 189 184 168 167 159 165 152 153 150 144 139 126 125 127
132 134 140 145 156 149 146 142 137 138 154 157 141 147 151 148 136 117 115 110 108 105 106 107 112 116 120 121 133 129 131 135 143 155 158 162 185 180 166 171 170 178 177 181 188 193 190 194 187 179 174 172 176 182 169 163 161 164 175 173 183 186 192 191 189 184 168 167 159 165 152 153 150 144 139 126 125 127
132 134 140 145 156 149 146 142 137 138 154 157 141 147 151 148 136 117 115 110 108 105 97 106 107 112 116 120 121 133 129 131 135 143 155 158 162 185 180 166 171 170 178 177 181 188 193 190 194 187 179 174 172 176 182 169 163 161 164 175 173 183 186 192 191 189 184 168 167 159 165 152 153 150 144 139 126 125 127
132 134 140 145 156 149 146 142 137 138 154 157 141 147 151 148 136 117 115 110 108 105 95 97 106 107 112 116 120 121 133 129 131 135 143 155 158 162 185 180 166 171 170 178 177 181 188 193 190 194 187 179 174 172 176 182 169 163 161 164 175 173 183 186 192 191 189 184 168 167 159 165 152 153 150 144 139 126 125 127
132 134 140 145 156 149 146 142 137 138 154 157 141 147 151 148 136 117 115 110 108 105 95 97 96 106 107 112 116 120 121 133 129 131 135 143 155 158 162 185 180 166 171 170 178 177 181 188 193 190 194 187 179 174 172 176 182 169 163 161 164 175 173 183 186 192 191 189 184 168 167 159 165 152 153 150 144 139 126 125 127
132 134 140 145 156 149 146 142 137 138 154 157 141 147 151 148 136 117 115 110 108 105 93 95 97 96 106 107 112 116 120 121 133 129 131 135 143 155 158 162 185 180 166 171 170 178 177 181 188 193 190 194 187 179 174 172 176 182 169 163 161 164 175 173 183 186 192 191 189 184 168 167 159 165 152 153 150 144 139 126 125 127
132 134 140 145 156 149 146 142 137 138 154 157 141 147 151 148 136 117 115 110 108 105 93 92 95 97 96 106 107 112 116 120 121 133 129 131 135 143 155 158 162 185 180 166 171 170 178 177 181 188 193 190 194 187 179 174 172 176 182 169 163 161 164 175 173 183 186 192 191 189 184 168 167 159 165 152 153 150 144 139 126 125 127
132 134 140 145 156 149 146 142 137 138 154 157 141 147 151 148 136 117 115 110 108 105 93 92 88 95 97 96 106 107 112 116 120 121 133 129 131 135 143 155 158 162 185 180 166 171 170 178 177 181 188 193 190 194 187 179 174 172 176 182 169 163 161 164 175 173 183 186 192 191 189 184 168 167 159 165 152 153 150 144 139 126 125 127
132 134 140 145 156 149 146 142 137 138 154 157 141 147 151 148 136 117 115 110 108 105 93 92 83 88 95 97 96 106 107 112 116 120 121 133 129 131 135 143 155 158 162 185 180 166 171 170 178 177 181 188 193 190 194 187 179 174 172 176 182 169 163 161 164 175 173 183 186 192 191 189 184 168 167 159 165 152 153 150 144 139 126 125 127
132 134 140 145 156 149 146 142 137 138 154 157 141 147 151 148 136 117 115 110 108 105 93 92 83 88 81 95 97 96 106 107 112 116 120 121 133 129 131 135 143 155 158 162 185 180 166 171 170 178 177 181 188 193 190 194 187 179 174 172 176 182 169 163 161 164 175 173 183 186 192 191 189 184 168 167 159 165 152 153 150 144 139 126 125 127
132 134 140 145 156 149 146 142 137 138 154 157 141 147 151 148 136 117 115 110 108 105 93 92 83 79 88 81 95 97 96 106 107 112 116 120 121 133 129 131 135 143 155 158 162 185 180 166 171 170 178 177 181 188 193 190 194 187 179 174 172 176 182 169 163 161 164 175 173 183 186 192 191 189 184 168 167 159 165 152 153 150 144 139 126 125 127
132 134 140 145 156 149 146 142 137 138 154 157 141 147 151 148 136 117 115 110 108 105 93 92 77 83 79 88 81 95 97 96 106 107 112 116 120 121 133 129 131 135 143 155 158 162 185 180 166 171 170 178 177 181 188 193 190 194 187 179 174 172 176 182 169 163 161 164 175 173 183 186 192 191 189 184 168 167 159 165 152 153 150 144 139 126 125 127
132 134 140 145 156 149 146 142 137 138 154 157 141 147 151 148 136 117 115 110 108 105 93 92 77 83 79 88 84 81 95 97 96 106 107 112 116 120 121 133 129 131 135 143 155 158 162 185 180 166 171 170 178 177 181 188 193 190 194 187 179 174 172 176 182 169 163 161 164 175 173 183 186 192 191 189 184 168 167 159 165 152 153 150 144 139 126 125 127
132 134 140 145 156 149 146 142 137 138 154 157 141 147 151 148 136 117 115 110 108 105 93 92 77 83 79 70 88 84 81 95 97 96 106 107 112 116 120 121 133 129 131 135 143 155 158 162 185 180 166 171 170 178 177 181 188 193 190 194 187 179 174 172 176 182 169 163 161 164 175 173 183 186 192 191 189 184 168 167 159 165 152 153 150 144 139 126 125 127
132 134 140 145 156 149 146 142 137 138 154 157 141 147 151 148 136 117 115 110 108 105 93 92 64 77 83 79 70 88 84 81 95 97 96 106 107 112 116 120 121 133 129 131 135 143 155 158 162 185 180 166 171 170 178 177 181 188 193 190 194 187 179 174 172 176 182 169 163 161 164 175 173 183 186 192 191 189 184 168 167 159 165 152 153 150 144 139 126 125 127
132 134 140 145 156 149 146 142 137 138 154 157 141 147 151 148 136 117 115 110 108 105 93 92 64 57 77 83 79 70 88 84 81 95 97 96 106 107 112 116 120 121 133 129 131 135 143 155 158 162 185 180 166 171 170 178 177 181 188 193 190 194 187 179 174 172 176 182 169 163 161 164 175 173 183 186 192 191 189 184 168 167 159 165 152 153 150 144 139 126 125 127
132 134 140 145 156 149 146 142 137 138 154 157 141 147 151 148 136 117 115 110 108 105 93 92 64 57 45 77 83 79 70 88 84 81 95 97 96 106 107 112 116 120 121 133 129 131 135 143 155 158 162 185 180 166 171 170 178 177 181 188 193 190 194 187 179 174 172 176 182 169 163 161 164 175 173 183 186 192 191 189 184 168 167 159 165 152 153 150 144 139 126 125 127
132 134 140 145 156 149 146 142 137 138 154 157 141 147 151 148 136 117 115 110 108 105 93 92 64 57 45 77 83 79 70 60 88 84 81 95 97 96 106 107 112 116 120 121 133 129 131 135 143 155 158 162 185 180 166 171 170 178 177 181 188 193 190 194 187 179 174 172 176 182 169 163 161 164 175 173 183 186 192 191 189 184 168 167 159 165 152 153 150 144 139 126 125 127
132 134 140 145 156 149 146 142 137 138 154 157 141 147 151 148 136 117 115 110 108 105 93 92 68 64 57 45 77 83 79 70 60 88 84 81 95 97 96 106 107 112 116 120 121 133 129 131 135 143 155 158 162 185 180 166 171 170 178 177 181 188 193 190 194 187 179 174 172 176 182 169 163 161 164 175 173 183 186 192 191 189 184 168 167 159 165 152 153 150 144 139 126 125 127
132 134 140 145 156 149 146 142 137 138 154 157 141 147 151 148 136 117 115 110 108 105 93 92 68 64 57 66 45 77 83 79 70 60 88 84 81 95 97 96 106 107 112 116 120 121 133 129 131 135 143 155 158 162 185 180 166 171 170 178 177 181 188 193 190 194 187 179 174 172 176 182 169 163 161 164 175 173 183 186 192 191 189 184 168 167 159 165 152 153 150 144 139 126 125 127
132 134 140 145 156 149 146 142 137 138 154 157 141 147 151 148 136 117 115 110 108 105 93 92 68 67 64 57 66 45 77 83 79 70 60 88 84 81 95 97 96 106 107 112 116 120 121 133 129 131 135 143 155 158 162 185 180 166 171 170 178 177 181 188 193 190 194 187 179 174 172 176 182 169 163 161 164 175 173 183 186 192 191 189 184 168 167 159 165 152 153 150 144 139 126 125 127
132 134 140 145 156 149 146 142 137 138 154 157 141 147 151 148 136 117 115 110 108 105 93 92 68 67 64 57 66 45 61 77 83 79 70 60 88 84 81 95 97 96 106 107 112 116 120 121 133 129 131 135 143 155 158 162 185 180 166 171 170 178 177 181 188 193 190 194 187 179 174 172 176 182 169 163 161 164 175 173 183 186 192 191 189 184 168 167 159 165 152 153 150 144 139 126 125 127
132 134 140 145 156 149 146 142 137 138 154 157 141 147 151 148 136 117 115 110 108 105 93 92 68 67 64 57 66 45 73 61 77 83 79 70 60 88 84 81 95 97 96 106 107 112 116 120 121 133 129 131 135 143 155 158 162 185 180 166 171 170 178 177 181 188 193 190 194 187 179 174 172 176 182 169 163 161 164 175 173 183 186 192 191 189 184 168 167 159 165 152 153 150 144 139 126 125 127
132 134 140 145 156 149 146 142 137 138 154 157 141 147 151 148 136 117 115 110 108 105 93 92 68 67 64 57 66 45 73 58 61 77 83 79 70 60 88 84 81 95 97 96 106 107 112 116 120 121 133 129 131 135 143 155 158 162 185 180 166 171 170 178 177 181 188 193 190 194 187 179 174 172 176 182 169 163 161 164 175 173 183 186 192 191 189 184 168 167 159 165 152 153 150 144 139 126 125 127
132 134 140 145 156 149 146 142 137 138 154 157 141 147 151 148 136 117 115 110 108 105 93 92 68 67 64 57 66 45 73 58 56 61 77 83 79 70 60 88 84 81 95 97 96 106 107 112 116 120 121 133 129 131 135 143 155 158 162 185 180 166 171 170 178 177 181 188 193 190 194 187 179 174 172 176 182 169 163 161 164 175 173 183 186 192 191 189 184 168 167 159 165 152 153 150 144 139 126 125 127
132 134 140 145 156 149 146 142 137 138 154 157 141 147 151 148 136 117 115 110 108 105 93 92 68 67 64 57 66 53 45 73 58 56 61 77 83 79 70 60 88 84 81 95 97 96 106 107 112 116 120 121 133 129 131 135 143 155 158 162 185 180 166 171 170 178 177 181 188 193 190 194 187 179 174 172 176 182 169 163 161 164 175 173 183 186 192 191 189 184 168 167 159 165 152 153 150 144 139 126 125 127
132 134 140 145 156 149 146 142 137 138 154 157 141 147 151 148 136 117 115 110 108 105 93 92 68 67 64 57 66 53 45 73 58 52 56 61 77 83 79 70 60 88 84 81 95 97 96 106 107 112 116 120 121 133 129 131 135 143 155 158 162 185 180 166 171 170 178 177 181 188 193 190 194 187 179 174 172 176 182 169 163 161 164 175 173 183 186 192 191 189 184 168 167 159 165 152 153 150 144 139 126 125 127
132 134 140 145 156 149 146 142 137 138 154 157 141 147 151 148 136 117 115 110 108 105 93 92 68 67 64 57 66 53 45 73 48 58 52 56 61 77 83 79 70 60 88 84 81 95 97 96 106 107 112 116 120 121 133 129 131 135 143 155 158 162 185 180 166 171 170 178 177 181 188 193 190 194 187 179 174 172 176 182 169 163 161 164 175 173 183 186 192 191 189 184 168 167 159 165 152 153 150 144 139 126 125 127
132 134 140 145 156 149 146 142 137 138 154 157 141 147 151 148 136 117 115 110 108 105 93 92 68 67 64 57 66 53 45 73 48 58 52 46 56 61 77 83 79 70 60 88 84 81 95 97 96 106 107 112 116 120 121 133 129 131 135 143 155 158 162 185 180 166 171 170 178 177 181 188 193 190 194 187 179 174 172 176 182 169 163 161 164 175 173 183 186 192 191 189 184 168 167 159 165 152 153 150 144 139 126 125 127
132 134 140 145 156 149 146 142 137 138 154 157 141 147 151 148 136 117 115 110 108 105 93 92 68 67 54 64 57 66 53 45 73 48 58 52 46 56 61 77 83 79 70 60 88 84 81 95 97 96 106 107 112 116 120 121 133 129 131 135 143 155 158 162 185 180 166 171 170 178 177 181 188 193 190 194 187 179 174 172 176 182 169 163 161 164 175 173 183 186 192 191 189 184 168 167 159 165 152 153 150 144 139 126 125 127
132 134 140 145 156 149 146 142 137 138 154 157 141 147 151 148 136 117 115 110 108 105 93 92 68 67 54 64 57 66 53 45 73 48 41 58 52 46 56 61 77 83 79 70 60 88 84 81 95 97 96 106 107 112 116 120 121 133 129 131 135 143 155 158 162 185 180 166 171 170 178 177 181 188 193 190 194 187 179 174 172 176 182 169 163 161 164 175 173 183 186 192 191 189 184 168 167 159 165 152 153 150 144 139 126 125 127
132 134 140 145 156 149 146 142 137 138 154 157 141 147 151 148 136 117 115 110 108 105 93 92 68 67 54 64 57 66 53 45 73 48 41 58 52 46 56 38 61 77 83 79 70 60 88 84 81 95 97 96 106 107 112 116 120 121 133 129 131 135 143 155 158 162 185 180 166 171 170 178 177 181 188 193 190 194 187 179 174 172 176 182 169 163 161 164 175 173 183 186 192 191 189 184 168 167 159 165 152 153 150 144 139 126 125 127
132 134 140 145 156 149 146 142 137 138 154 157 141 147 151 148 136 117 115 110 108 105 93 92 68 67 54 64 57 66 53 45 73 44 48 41 58 52 46 56 38 61 77 83 79 70 60 88 84 81 95 97 96 106 107 112 116 120 121 133 129 131 135 143 155 158 162 185 180 166 171 170 178 177 181 188 193 190 194 187 179 174 172 176 182 169 163 161 164 175 173 183 186 192 191 189 184 168 167 159 165 152 153 150 144 139 126 125 127
132 134 140 145 156 149 146 142 137 138 154 157 141 147 151 148 136 117 115 110 108 105 93 92 68 67 54 64 57 66 53 45 42 73 44 48 41 58 52 46 56 38 61 77 83 79 70 60 88 84 81 95 97 96 106 107 112 116 120 121 133 129 131 135 143 155 158 162 185 180 166 171 170 178 177 181 188 193 190 194 187 179 174 172 176 182 169 163 161 164 175 173 183 186 192 191 189 184 168 167 159 165 152 153 150 144 139 126 125 127
132 134 140 145 156 149 146 142 137 138 154 157 141 147 151 148 136 117 115 110 108 105 93 92 68 67 54 64 57 66 49 53 45 42 73 44 48 41 58 52 46 56 38 61 77 83 79 70 60 88 84 81 95 97 96 106 107 112 116 120 121 133 129 131 135 143 155 158 162 185 180 166 171 170 178 177 181 188 193 190 194 187 179 174 172 176 182 169 163 161 164 175 173 183 186 192 191 189 184 168 167 159 165 152 153 150 144 139 126 125 127
132 134 140 145 156 149 146 142 137 138 154 157 141 147 151 148 136 117 115 110 108 105 93 92 68 67 54 64 57 66 49 55 53 45 42 73 44 48 41 58 52 46 56 38 61 77 83 79 70 60 88 84 81 95 97 96 106 107 112 116 120 121 133 129 131 135 143 155 158 162 185 180 166 171 170 178 177 181 188 193 190 194 187 179 174 172 176 182 169 163 161 164 175 173 183 186 192 191 189 184 168 167 159 165 152 153 150 144 139 126 125 127
132 134 140 145 156 149 146 142 137 138 154 157 141 147 151 148 136 117 115 110 108 105 93 92 68 67 54 64 57 66 49 55 53 45 42 73 43 44 48 41 58 52 46 56 38 61 77 83 79 70 60 88 84 81 95 97 96 106 107 112 116 120 121 133 129 131 135 143 155 158 162 185 180 166 171 170 178 177 181 188 193 190 194 187 179 174 172 176 182 169 163 161 164 175 173 183 186 192 191 189 184 168 167 159 165 152 153 150 144 139 126 125 127
132 134 140 145 156 149 146 142 137 138 154 157 141 147 151 148 136 117 115 110 108 105 93 92 68 67 54 64 57 66 49 55 53 40 45 42 73 43 44 48 41 58 52 46 56 38 61 77 83 79 70 60 88 84 81 95 97 96 106 107 112 116 120 121 133 129 131 135 143 155 158 162 185 180 166 171 170 178 177 181 188 193 190 194 187 179 174 172 176 182 169 163 161 164 175 173 183 186 192 191 189 184 168 167 159 165 152 153 150 144 139 126 125 127
132 134 140 145 156 149 146 142 137 138 154 157 141 147 151 148 136 117 115 110 108 105 93 92 68 67 54 64 57 66 49 55 53 40 45 42 73 43 44 48 41 58 52 46 56 50 38 61 77 83 79 70 60 88 84 81 95 97 96 106 107 112 116 120 121 133 129 131 135 143 155 158 162 185 180 166 171 170 178 177 181 188 193 190 194 187 179 174 172 176 182 169 163 161 164 175 173 183 186 192 191 189 184 168 167 159 165 152 153 150 144 139 126 125 127
132 134 140 145 156 149 146 142 137 138 154 157 141 147 151 148 136 117 115 110 108 105 93 92 68 67 54 64 57 66 49 55 53 40 45 42 73 43 44 34 48 41 58 52 46 56 50 38 61 77 83 79 70 60 88 84 81 95 97 96 106 107 112 116 120 121 133 129 131 135 143 155 158 162 185 180 166 171 170 178 177 181 188 193 190 194 187 179 174 172 176 182 169 163 161 164 175 173 183 186 192 191 189 184 168 167 159 165 152 153 150 144 139 126 125 127
132 134 140 145 156 149 146 142 137 138 154 157 141 147 151 148 136 117 115 110 108 105 93 92 68 67 54 64 57 66 49 55 53 40 45 42 73 43 44 34 48 41 58 52 35 46 56 50 38 61 77 83 79 70 60 88 84 81 95 97 96 106 107 112 116 120 121 133 129 131 135 143 155 158 162 185 180 166 171 170 178 177 181 188 193 190 194 187 179 174 172 176 182 169 163 161 164 175 173 183 186 192 191 189 184 168 167 159 165 152 153 150 144 139 126 125 127
132 134 140 145 156 149 146 142 137 138 154 157 141 147 151 148 136 117 115 110 108 105 93 92 68 67 54 64 57 66 49 55 53 40 45 42 73 43 44 34 32 48 41 58 52 35 46 56 50 38 61 77 83 79 70 60 88 84 81 95 97 96 106 107 112 116 120 121 133 129 131 135 143 155 158 162 185 180 166 171 170 178 177 181 188 193 190 194 187 179 174 172 176 182 169 163 161 164 175 173 183 186 192 191 189 184 168 167 159 165 152 153 150 144 139 126 125 127
132 134 140 145 156 149 146 142 137 138 154 157 141 147 151 148 136 117 115 110 108 105 93 92 68 67 30 54 64 57 66 49 55 53 40 45 42 73 43 44 34 32 48 41 58 52 35 46 56 50 38 61 77 83 79 70 60 88 84 81 95 97 96 106 107 112 116 120 121 133 129 131 135 143 155 158 162 185 180 166 171 170 178 177 181 188 193 190 194 187 179 174 172 176 182 169 163 161 164 175 173 183 186 192 191 189 184 168 167 159 165 152 153 150 144 139 126 125 127
132 134 140 145 156 149 146 142 137 138 154 157 141 147 151 148 136 117 115 110 108 105 93 92 68 67 30 54 64 57 66 49 55 53 40 45 42 73 43 44 34 32 39 48 41 58 52 35 46 56 50 38 61 77 83 79 70 60 88 84 81 95 97 96 106 107 112 116 120 121 133 129 131 135 143 155 158 162 185 180 166 171 170 178 177 181 188 193 190 194 187 179 174 172 176 182 169 163 161 164 175 173 183 186 192 191 189 184 168 167 159 165 152 153 150 144 139 126 125 127
132 134 140 145 156 149 146 142 137 138 154 157 141 147 151 148 136 117 115 110 108 105 93 92 68 67 30 54 64 57 66 49 55 53 40 45 42 47 73 43 44 34 32 39 48 41 58 52 35 46 56 50 38 61 77 83 79 70 60 88 84 81 95 97 96 106 107 112 116 120 121 133 129 131 135 143 155 158 162 185 180 166 171 170 178 177 181 188 193 190 194 187 179 174 172 176 182 169 163 161 164 175 173 183 186 192 191 189 184 168 167 159 165 152 153 150 144 139 126 125 127
132 134 140 145 156 149 146 142 137 138 154 157 141 147 151 148 136 117 115 110 108 105 93 92 68 67 30 54 64 57 66 49 55 53 40 45 42 47 73 43 44 34 32 39 48 41 58 52 35 46 56 51 50 38 61 77 83 79 70 60 88 84 81 95 97 96 106 107 112 116 120 121 133 129 131 135 143 155 158 162 185 180 166 171 170 178 177 181 188 193 190 194 187 179 174 172 176 182 169 163 161 164 175 173 183 186 192 191 189 184 168 167 159 165 152 153 150 144 139 126 125 127
132 134 140 145 156 149 146 142 137 138 154 157 141 147 151 148 136 117 115 110 108 105 93 92 68 67 30 54 64 57 66 49 55 53 40 45 42 31 47 73 43 44 34 32 39 48 41 58 52 35 46 56 51 50 38 61 77 83 79 70 60 88 84 81 95 97 96 106 107 112 116 120 121 133 129 131 135 143 155 158 162 185 180 166 171 170 178 177 181 188 193 190 194 187 179 174 172 176 182 169 163 161 164 175 173 183 186 192 191 189 184 168 167 159 165 152 153 150 144 139 126 125 127
132 134 140 145 156 149 146 142 137 138 154 157 141 147 151 148 136 117 115 110 108 105 93 92 68 67 30 54 64 57 66 37 49 55 53 40 45 42 31 47 73 43 44 34 32 39 48 41 58 52 35 46 56 51 50 38 61 77 83 79 70 60 88 84 81 95 97 96 106 107 112 116 120 121 133 129 131 135 143 155 158 162 185 180 166 171 170 178 177 181 188 193 190 194 187 179 174 172 176 182 169 163 161 164 175 173 183 186 192 191 189 184 168 167 159 165 152 153 150 144 139 126 125 127
132 134 140 145 156 149 146 142 137 138 154 157 141 147 151 148 136 117 115 110 108 105 93 92 68 67 30 54 64 57 66 37 49 55 53 27 40 45 42 31 47 73 43 44 34 32 39 48 41 58 52 35 46 56 51 50 38 61 77 83 79 70 60 88 84 81 95 97 96 106 107 112 116 120 121 133 129 131 135 143 155 158 162 185 180 166 171 170 178 177 181 188 193 190 194 187 179 174 172 176 182 169 163 161 164 175 173 183 186 192 191 189 184 168 167 159 165 152 153 150 144 139 126 125 127
132 134 140 145 156 149 146 142 137 138 154 157 141 147 151 148 136 117 115 110 108 105 93 92 68 67 30 54 64 57 66 37 49 55 53 27 40 29 45 42 31 47 73 43 44 34 32 39 48 41 58 52 35 46 56 51 50 38 61 77 83 79 70 60 88 84 81 95 97 96 106 107 112 116 120 121 133 129 131 135 143 155 158 162 185 180 166 171 170 178 177 181 188 193 190 194 187 179 174 172 176 182 169 163 161 164 175 173 183 186 192 191 189 184 168 167 159 165 152 153 150 144 139 126 125 127
132 134 140 145 156 149 146 142 137 138 154 157 141 147 151 148 136 117 115 110 108 105 93 92 68 67 30 54 64 57 66 37 49 55 53 27 40 22 29 45 42 31 47 73 43 44 34 32 39 48 41 58 52 35 46 56 51 50 38 61 77 83 79 70 60 88 84 81 95 97 96 106 107 112 116 120 121 133 129 131 135 143 155 158 162 185 180 166 171 170 178 177 181 188 193 190 194 187 179 174 172 176 182 169 163 161 164 175 173 183 186 192 191 189 184 168 167 159 165 152 153 150 144 139 126 125 127
132 134 140 145 156 149 146 142 137 138 154 157 141 147 151 148 136 117 115 110 108 105 93 92 68 67 30 54 28 64 57 66 37 49 55 53 27 40 22 29 45 42 31 47 73 43 44 34 32 39 48 41 58 52 35 46 56 51 50 38 61 77 83 79 70 60 88 84 81 95 97 96 106 107 112 116 120 121 133 129 131 135 143 155 158 162 185 180 166 171 170 178 177 181 188 193 190 194 187 179 174 172 176 182 169 163 161 164 175 173 183 186 192 191 189 184 168 167 159 165 152 153 150 144 139 126 125 127
132 134 140 145 156 149 146 142 137 138 154 157 141 147 151 148 136 117 115 110 108 105 93 92 68 67 30 54 28 33 64 57 66 37 49 55 53 27 40 22 29 45 42 31 47 73 43 44 34 32 39 48 41 58 52 35 46 56 51 50 38 61 77 83 79 70 60 88 84 81 95 97 96 106 107 112 116 120 121 133 129 131 135 143 155 158 162 185 180 166 171 170 178 177 181 188 193 190 194 187 179 174 172 176 182 169 163 161 164 175 173 183 186 192 191 189 184 168 167 159 165 152 153 150 144 139 126 125 127
132 134 140 145 156 149 146 142 137 138 154 157 141 147 151 148 136 117 115 110 108 105 93 92 68 67 30 54 28 33 64 57 66 37 49 55 53 27 40 22 18 29 45 42 31 47 73 43 44 34 32 39 48 41 58 52 35 46 56 51 50 38 61 77 83 79 70 60 88 84 81 95 97 96 106 107 112 116 120 121 133 129 131 135 143 155 158 162 185 180 166 171 170 178 177 181 188 193 190 194 187 179 174 172 176 182 169 163 161 164 175 173 183 186 192 191 189 184 168 167 159 165 152 153 150 144 139 126 125 127
132 134 140 145 156 149 146 142 137 138 154 157 141 147 151 148 136 117 115 110 108 105 93 92 68 67 30 54 21 28 33 64 57 66 37 49 55 53 27 40 22 18 29 45 42 31 47 73 43 44 34 32 39 48 41 58 52 35 46 56 51 50 38 61 77 83 79 70 60 88 84 81 95 97 96 106 107 112 116 120 121 133 129 131 135 143 155 158 162 185 180 166 171 170 178 177 181 188 193 190 194 187 179 174 172 176 182 169 163 161 164 175 173 183 186 192 191 189 184 168 167 159 165 152 153 150 144 139 126 125 127
132 134 140 145 156 149 146 142 137 138 154 157 141 147 151 148 136 117 115 110 108 105 93 92 68 67 30 54 21 28 33 64 57 66 37 49 55 53 27 40 22 18 24 29 45 42 31 47 73 43 44 34 32 39 48 41 58 52 35 46 56 51 50 38 61 77 83 79 70 60 88 84 81 95 97 96 106 107 112 116 120 121 133 129 131 135 143 155 158 162 185 180 166 171 170 178 177 181 188 193 190 194 187 179 174 172 176 182 169 163 161 164 175 173 183 186 192 191 189 184 168 167 159 165 152 153 150 144 139 126 125 127
132 134 140 145 156 149 146 142 137 138 154 157 141 147 151 148 136 117 115 110 108 105 93 92 68 67 30 54 26 21 28 33 64 57 66 37 49 55 53 27 40 22 18 24 29 45 42 31 47 73 43 44 34 32 39 48 41 58 52 35 46 56 51 50 38 61 77 83 79 70 60 88 84 81 95 97 96 106 107 112 116 120 121 133 129 131 135 143 155 158 162 185 180 166 171 170 178 177 181 188 193 190 194 187 179 174 172 176 182 169 163 161 164 175 173 183 186 192 191 189 184 168 167 159 165 152 153 150 144 139 126 125 127
132 134 140 145 156 149 146 142 137 138 154 157 141 147 151 148 136 117 115 110 108 105 93 91 92 68 67 30 54 26 21 28 33 64 57 66 37 49 55 53 27 40 22 18 24 29 45 42 31 47 73 43 44 34 32 39 48 41 58 52 35 46 56 51 50 38 61 77 83 79 70 60 88 84 81 95 97 96 106 107 112 116 120 121 133 129 131 135 143 155 158 162 185 180 166 171 170 178 177 181 188 193 190 194 187 179 174 172 176 182 169 163 161 164 175 173 183 186 192 191 189 184 168 167 159 165 152 153 150 144 139 126 125 127
132 134 140 145 156 149 146 142 137 138 154 157 141 147 151 148 136 117 115 110 108 105 93 91 92 68 67 30 54 26 21 28 33 64 57 66 37 49 55 53 27 40 22 18 24 29 45 42 31 47 73 43 44 34 32 39 48 41 58 52 35 46 56 51 50 38 61 77 83 79 70 60 69 88 84 81 95 97 96 106 107 112 116 120 121 133 129 131 135 143 155 158 162 185 180 166 171 170 178 177 181 188 193 190 194 187 179 174 172 176 182 169 163 161 164 175 173 183 186 192 191 189 184 168 167 159 165 152 153 150 144 139 126 125 127
132 134 140 145 156 149 146 142 137 138 154 157 141 147 151 148 136 117 115 110 108 105 93 91 92 68 67 30 54 26 21 28 33 64 57 66 37 49 55 53 27 40 22 18 24 29 45 42 31 47 73 43 44 34 32 39 48 41 58 52 35 46 56 51 50 38 61 77 83 79 70 60 74 69 88 84 81 95 97 96 106 107 112 116 120 121 133 129 131 135 143 155 158 162 185 180 166 171 170 178 177 181 188 193 190 194 187 179 174 172 176 182 169 163 161 164 175 173 183 186 192 191 189 184 168 167 159 165 152 153 150 144 139 126 125 127
132 134 140 145 156 149 146 142 137 138 154 157 141 147 151 148 136 117 115 110 108 105 93 91 92 68 67 30 54 26 21 28 33 64 57 66 37 49 55 53 27 40 22 18 24 29 45 42 31 47 73 43 44 34 32 39 48 41 58 52 35 46 56 51 50 38 61 77 83 79 70 60 74 78 69 88 84 81 95 97 96 106 107 112 116 120 121 133 129 131 135 143 155 158 162 185 180 166 171 170 178 177 181 188 193 190 194 187 179 174 172 176 182 169 163 161 164 175 173 183 186 192 191 189 184 168 167 159 165 152 153 150 144 139 126 125 127
132 134 140 145 156 149 146 142 137 138 154 157 141 147 151 148 136 117 115 110 108 105 93 91 92 68 67 30 54 26 21 28 33 64 57 66 37 49 55 53 27 40 22 18 24 29 45 42 31 47 73 43 44 34 32 39 48 41 58 52 35 46 56 51 50 38 61 77 83 79 70 60 74 78 75 69 88 84 81 95 97 96 106 107 112 116 120 121 133 129 131 135 143 155 158 162 185 180 166 171 170 178 177 181 188 193 190 194 187 179 174 172 176 182 169 163 161 164 175 173 183 186 192 191 189 184 168 167 159 165 152 153 150 144 139 126 125 127
132 134 140 145 156 149 146 142 137 138 154 157 141 147 151 148 136 117 115 110 108 105 93 91 92 68 67 30 54 26 21 28 33 64 57 66 37 49 55 53 27 40 22 18 24 29 45 42 31 47 73 43 44 34 32 39 48 41 58 52 35 46 56 51 50 38 61 77 83 79 70 60 72 74 78 75 69 88 84 81 95 97 96 106 107 112 116 120 121 133 129 131 135 143 155 158 162 185 180 166 171 170 178 177 181 188 193 190 194 187 179 174 172 176 182 169 163 161 164 175 173 183 186 192 191 189 184 168 167 159 165 152 153 150 144 139 126 125 127
132 134 140 145 156 149 146 142 137 138 154 157 141 147 151 148 136 117 115 110 108 105 93 91 92 68 67 30 54 26 21 28 33 64 57 66 37 49 55 53 27 40 22 18 24 29 45 42 31 47 73 43 44 34 32 39 48 41 58 52 35 46 56 51 50 38 61 77 83 79 70 60 72 74 78 76 75 69 88 84 81 95 97 96 106 107 112 116 120 121 133 129 131 135 143 155 158 162 185 180 166 171 170 178 177 181 188 193 190 194 187 179 174 172 176 182 169 163 161 164 175 173 183 186 192 191 189 184 168 167 159 165 152 153 150 144 139 126 125 127
132 134 140 145 156 149 146 142 137 138 154 157 141 147 151 148 136 117 115 110 108 105 93 91 92 68 67 30 54 26 21 28 33 64 57 66 37 49 55 53 27 40 22 18 24 29 45 42 31 47 73 43 44 34 32 39 48 41 58 52 35 46 56 51 50 38 61 77 83 79 70 60 72 74 78 80 76 75 69 88 84 81 95 97 96 106 107 112 116 120 121 133 129 131 135 143 155 158 162 185 180 166 171 170 178 177 181 188 193 190 194 187 179 174 172 176 182 169 163 161 164 175 173 183 186 192 191 189 184 168 167 159 165 152 153 150 144 139 126 125 127
132 134 140 145 156 149 146 142 137 138 154 157 141 147 151 148 136 117 115 110 108 105 93 91 92 68 67 30 54 26 21 28 33 64 57 66 37 49 55 53 27 40 22 18 24 29 45 42 31 47 73 43 44 34 32 39 48 41 58 52 35 46 56 51 50 38 61 77 83 79 70 60 72 74 78 87 80 76 75 69 88 84 81 95 97 96 106 107 112 116 120 121 133 129 131 135 143 155 158 162 185 180 166 171 170 178 177 181 188 193 190 194 187 179 174 172 176 182 169 163 161 164 175 173 183 186 192 191 189 184 168 167 159 165 152 153 150 144 139 126 125 127
132 134 140 145 156 149 146 142 137 138 154 157 141 147 151 148 136 117 115 110 108 105 93 91 92 68 67 30 54 26 21 28 33 64 57 66 37 49 55 53 27 40 22 18 24 29 45 42 31 47 73 43 44 34 32 39 48 41 58 52 35 46 56 51 50 38 61 77 83 79 70 60 72 74 78 71 87 80 76 75 69 88 84 81 95 97 96 106 107 112 116 120 121 133 129 131 135 143 155 158 162 185 180 166 171 170 178 177 181 188 193 190 194 187 179 174 172 176 182 169 163 161 164 175 173 183 186 192 191 189 184 168 167 159 165 152 153 150 144 139 126 125 127
132 134 140 145 156 149 146 142 137 138 154 157 141 147 151 148 136 117 115 110 108 105 93 91 92 68 67 30 54 26 21 28 33 64 57 66 37 49 55 53 27 40 22 18 24 29 45 42 31 47 73 43 44 34 32 39 48 41 58 52 35 46 56 51 50 38 61 77 83 79 70 60 72 74 78 71 87 80 76 75 69 88 84 81 95 97 96 106 107 112 116 120 121 128 133 129 131 135 143 155 158 162 185 180 166 171 170 178 177 181 188 193 190 194 187 179 174 172 176 182 169 163 161 164 175 173 183 186 192 191 189 184 168 167 159 165 152 153 150 144 139 126 125 127
132 134 140 145 156 149 146 142 137 138 154 157 141 147 151 148 136 117 115 110 108 105 93 91 92 68 67 30 54 26 21 28 33 64 57 66 37 49 55 53 27 40 22 18 24 29 45 42 31 47 73 43 44 34 32 39 48 41 58 52 35 46 56 51 50 38 61 77 83 79 70 60 72 74 78 71 87 80 76 75 69 88 84 81 95 97 96 106 107 112 116 120 121 128 123 133 129 131 135 143 155 158 162 185 180 166 171 170 178 177 181 188 193 190 194 187 179 174 172 176 182 169 163 161 164 175 173 183 186 192 191 189 184 168 167 159 165 152 153 150 144 139 126 125 127
132 134 140 145 156 149 146 142 137 138 154 157 141 147 151 148 136 117 115 110 108 105 93 91 92 68 67 30 54 26 21 28 33 64 57 66 37 49 55 53 27 40 22 18 24 29 45 42 31 47 73 43 44 34 32 39 48 41 58 52 35 46 56 51 50 38 61 77 83 79 70 60 72 74 78 71 87 80 76 75 69 88 84 81 95 97 96 106 107 112 116 120 121 128 123 124 133 129 131 135 143 155 158 162 185 180 166 171 170 178 177 181 188 193 190 194 187 179 174 172 176 182 169 163 161 164 175 173 183 186 192 191 189 184 168 167 159 165 152 153 150 144 139 126 125 127
132 134 140 145 156 149 146 142 137 138 154 157 141 147 151 148 136 117 115 110 108 105 93 91 92 68 67 30 54 26 21 28 33 64 57 66 37 49 55 53 27 40 22 18 24 29 45 42 31 47 73 43 44 34 32 39 48 41 58 52 35 46 56 51 50 38 61 77 83 79 70 60 72 74 78 71 87 80 76 75 69 88 84 81 95 97 96 106 107 112 116 120 121 128 123 124 133 129 131 135 143 155 158 162 185 180 166 160 171 170 178 177 181 188 193 190 194 187 179 174 172 176 182 169 163 161 164 175 173 183 186 192 191 189 184 168 167 159 165 152 153 150 144 139 126 125 127
132 134 140 145 156 149 146 142 137 138 154 157 141 147 151 148 136 117 115 110 108 105 93 91 92 68 67 30 54 26 21 28 33 64 57 66 37 49 55 53 27 40 22 18 24 29 45 42 31 47 73 43 44 34 32 39 48 41 58 52 35 46 56 51 50 38 61 77 83 79 70 60 72 74 78 71 87 80 76 75 69 88 84 81 95 97 96 106 100 107 112 116 120 121 128 123 124 133 129 131 135 143 155 158 162 185 180 166 160 171 170 178 177 181 188 193 190 194 187 179 174 172 176 182 169 163 161 164 175 173 183 186 192 191 189 184 168 167 159 165 152 153 150 144 139 126 125 127
132 134 140 145 156 149 146 142 137 138 154 157 141 147 151 148 136 117 115 110 108 105 93 91 92 68 67 30 54 26 21 28 33 64 57 66 37 49 55 53 27 40 22 18 24 29 45 42 31 47 73 43 44 34 32 39 48 41 58 52 35 46 56 51 50 19 38 61 77 83 79 70 60 72 74 78 71 87 80 76 75 69 88 84 81 95 97 96 106 100 107 112 116 120 121 128 123 124 133 129 131 135 143 155 158 162 185 180 166 160 171 170 178 177 181 188 193 190 194 187 179 174 172 176 182 169 163 161 164 175 173 183 186 192 191 189 184 168 167 159 165 152 153 150 144 139 126 125 127
132 134 140 145 156 149 146 142 137 138 154 157 141 147 151 148 136 117 115 110 108 105 93 91 92 68 67 30 54 26 21 28 33 64 57 66 37 49 55 53 27 40 22 18 24 29 45 42 31 47 73 43 44 34 32 39 48 41 58 52 35 46 56 51 50 15 19 38 61 77 83 79 70 60 72 74 78 71 87 80 76 75 69 88 84 81 95 97 96 106 100 107 112 116 120 121 128 123 124 133 129 131 135 143 155 158 162 185 180 166 160 171 170 178 177 181 188 193 190 194 187 179 174 172 176 182 169 163 161 164 175 173 183 186 192 191 189 184 168 167 159 165 152 153 150 144 139 126 125 127
132 134 140 145 156 149 146 142 137 138 154 157 141 147 151 148 136 117 115 110 108 105 93 91 92 68 67 30 54 26 21 28 33 64 57 66 37 49 55 53 27 40 12 22 18 24 29 45 42 31 47 73 43 44 34 32 39 48 41 58 52 35 46 56 51 50 15 19 38 61 77 83 79 70 60 72 74 78 71 87 80 76 75 69 88 84 81 95 97 96 106 100 107 112 116 120 121 128 123 124 133 129 131 135 143 155 158 162 185 180 166 160 171 170 178 177 181 188 193 190 194 187 179 174 172 176 182 169 163 161 164 175 173 183 186 192 191 189 184 168 167 159 165 152 153 150 144 139 126 125 127
132 134 140 145 156 149 146 142 137 138 154 157 141 147 151 148 136 117 115 110 108 105 93 91 92 68 67 30 54 26 21 28 33 64 57 66 37 49 55 53 27 40 12 10 22 18 24 29 45 42 31 47 73 43 44 34 32 39 48 41 58 52 35 46 56 51 50 15 19 38 61 77 83 79 70 60 72 74 78 71 87 80 76 75 69 88 84 81 95 97 96 106 100 107 112 116 120 121 128 123 124 133 129 131 135 143 155 158 162 185 180 166 160 171 170 178 177 181 188 193 190 194 187 179 174 172 176 182 169 163 161 164 175 173 183 186 192 191 189 184 168 167 159 165 152 153 150 144 139 126 125 127
132 134 140 145 156 149 146 142 137 138 154 157 141 147 151 148 136 117 115 110 108 105 93 91 92 68 67 30 54 26 21 28 33 64 57 66 37 49 55 53 27 40 12 10 9 22 18 24 29 45 42 31 47 73 43 44 34 32 39 48 41 58 52 35 46 56 51 50 15 19 38 61 77 83 79 70 60 72 74 78 71 87 80 76 75 69 88 84 81 95 97 96 106 100 107 112 116 120 121 128 123 124 133 129 131 135 143 155 158 162 185 180 166 160 171 170 178 177 181 188 193 190 194 187 179 174 172 176 182 169 163 161 164 175 173 183 186 192 191 189 184 168 167 159 165 152 153 150 144 139 126 125 127
132 134 140 145 156 149 146 142 137 138 154 157 141 147 151 148 136 117 115 110 108 105 93 91 92 68 67 30 54 26 21 28 33 64 57 66 37 49 55 53 27 40 12 10 9 22 18 24 29 45 42 31 47 73 43 44 34 32 39 48 41 58 52 35 46 56 51 50 15 19 38 61 77 83 79 70 60 72 74 78 71 87 80 76 75 69 88 84 81 95 97 103 96 106 100 107 112 116 120 121 128 123 124 133 129 131 135 143 155 158 162 185 180 166 160 171 170 178 177 181 188 193 190 194 187 179 174 172 176 182 169 163 161 164 175 173 183 186 192 191 189 184 168 167 159 165 152 153 150 144 139 126 125 127
132 134 140 145 156 149 146 142 137 138 154 157 141 147 151 148 136 117 115 110 108 105 93 102 91 92 68 67 30 54 26 21 28 33 64 57 66 37 49 55 53 27 40 12 10 9 22 18 24 29 45 42 31 47 73 43 44 34 32 39 48 41 58 52 35 46 56 51 50 15 19 38 61 77 83 79 70 60 72 74 78 71 87 80 76 75 69 88 84 81 95 97 103 96 106 100 107 112 116 120 121 128 123 124 133 129 131 135 143 155 158 162 185 180 166 160 171 170 178 177 181 188 193 190 194 187 179 174 172 176 182 169 163 161 164 175 173 183 186 192 191 189 184 168 167 159 165 152 153 150 144 139 126 125 127
132 134 140 145 156 149 146 142 137 138 154 157 141 147 151 148 136 118 117 115 110 108 105 93 102 91 92 68 67 30 54 26 21 28 33 64 57 66 37 49 55 53 27 40 12 10 9 22 18 24 29 45 42 31 47 73 43 44 34 32 39 48 41 58 52 35 46 56 51 50 15 19 38 61 77 83 79 70 60 72 74 78 71 87 80 76 75 69 88 84 81 95 97 103 96 106 100 107 112 116 120 121 128 123 124 133 129 131 135 143 155 158 162 185 180 166 160 171 170 178 177 181 188 193 190 194 187 179 174 172 176 182 169 163 161 164 175 173 183 186 192 191 189 184 168 167 159 165 152 153 150 144 139 126 125 127
132 134 140 145 156 149 146 142 137 138 154 157 141 147 151 148 136 118 117 115 110 108 105 93 102 91 92 68 67 30 54 26 21 28 33 64 57 66 37 49 55 53 27 40 12 10 9 22 18 17 24 29 45 42 31 47 73 43 44 34 32 39 48 41 58 52 35 46 56 51 50 15 19 38 61 77 83 79 70 60 72 74 78 71 87 80 76 75 69 88 84 81 95 97 103 96 106 100 107 112 116 120 121 128 123 124 133 129 131 135 143 155 158 162 185 180 166 160 171 170 178 177 181 188 193 190 194 187 179 174 172 176 182 169 163 161 164 175 173 183 186 192 191 189 184 168 167 159 165 152 153 150 144 139 126 125 127
132 134 140 145 156 149 146 142 137 138 154 157 141 147 151 148 136 118 117 115 110 108 105 93 102 91 92 68 67 30 54 26 21 28 33 64 57 66 37 49 55 53 27 40 12 10 9 22 18 17 14 24 29 45 42 31 47 73 43 44 34 32 39 48 41 58 52 35 46 56 51 50 15 19 38 61 77 83 79 70 60 72 74 78 71 87 80 76 75 69 88 84 81 95 97 103 96 106 100 107 112 116 120 121 128 123 124 133 129 131 135 143 155 158 162 185 180 166 160 171 170 178 177 181 188 193 190 194 187 179 174 172 176 182 169 163 161 164 175 173 183 186 192 191 189 184 168 167 159 165 152 153 150 144 139 126 125 127
132 134 140 145 156 149 146 142 137 138 154 157 141 147 151 148 136 118 117 115 110 108 105 93 102 91 92 68 67 30 54 26 21 28 33 64 57 66 37 49 55 53 27 40 12 10 9 22 18 17 11 14 24 29 45 42 31 47 73 43 44 34 32 39 48 41 58 52 35 46 56 51 50 15 19 38 61 77 83 79 70 60 72 74 78 71 87 80 76 75 69 88 84 81 95 97 103 96 106 100 107 112 116 120 121 128 123 124 133 129 131 135 143 155 158 162 185 180 166 160 171 170 178 177 181 188 193 190 194 187 179 174 172 176 182 169 163 161 164 175 173 183 186 192 191 189 184 168 167 159 165 152 153 150 144 139 126 125 127
132 134 140 145 156 149 146 142 137 138 154 157 141 147 151 148 136 118 117 115 110 108 105 93 102 91 92 68 67 30 54 26 21 28 33 64 57 66 37 49 55 53 27 40 12 10 9 22 18 17 11 14 13 24 29 45 42 31 47 73 43 44 34 32 39 48 41 58 52 35 46 56 51 50 15 19 38 61 77 83 79 70 60 72 74 78 71 87 80 76 75 69 88 84 81 95 97 103 96 106 100 107 112 116 120 121 128 123 124 133 129 131 135 143 155 158 162 185 180 166 160 171 170 178 177 181 188 193 190 194 187 179 174 172 176 182 169 163 161 164 175 173 183 186 192 191 189 184 168 167 159 165 152 153 150 144 139 126 125 127
132 134 140 145 156 149 146 142 137 138 154 157 141 147 151 148 136 118 117 115 110 108 105 93 102 91 92 68 67 30 54 26 21 28 33 64 57 66 37 49 55 53 27 40 12 10 9 22 18 17 11 14 23 13 24 29 45 42 31 47 73 43 44 34 32 39 48 41 58 52 35 46 56 51 50 15 19 38 61 77 83 79 70 60 72 74 78 71 87 80 76 75 69 88 84 81 95 97 103 96 106 100 107 112 116 120 121 128 123 124 133 129 131 135 143 155 158 162 185 180 166 160 171 170 178 177 181 188 193 190 194 187 179 174 172 176 182 169 163 161 164 175 173 183 186 192 191 189 184 168 167 159 165 152 153 150 144 139 126 125 127
132 134 140 145 156 149 146 142 137 138 154 157 141 147 151 148 136 118 117 115 110 108 105 93 102 91 92 68 67 30 54 26 21 28 33 64 57 66 37 49 55 53 27 40 12 10 9 22 18 17 11 14 23 13 25 24 29 45 42 31 47 73 43 44 34 32 39 48 41 58 52 35 46 56 51 50 15 19 38 61 77 83 79 70 60 72 74 78 71 87 80 76 75 69 88 84 81 95 97 103 96 106 100 107 112 116 120 121 128 123 124 133 129 131 135 143 155 158 162 185 180 166 160 171 170 178 177 181 188 193 190 194 187 179 174 172 176 182 169 163 161 164 175 173 183 186 192 191 189 184 168 167 159 165 152 153 150 144 139 126 125 127
132 134 140 145 156 149 146 142 137 138 154 157 141 147 151 148 136 118 117 115 110 108 105 93 102 91 92 68 67 30 54 26 21 28 33 64 57 66 37 49 55 53 27 40 12 10 9 22 18 17 11 14 23 13 16 25 24 29 45 42 31 47 73 43 44 34 32 39 48 41 58 52 35 46 56 51 50 15 19 38 61 77 83 79 70 60 72 74 78 71 87 80 76 75 69 88 84 81 95 97 103 96 106 100 107 112 116 120 121 128 123 124 133 129 131 135 143 155 158 162 185 180 166 160 171 170 178 177 181 188 193 190 194 187 179 174 172 176 182 169 163 161 164 175 173 183 186 192 191 189 184 168 167 159 165 152 153 150 144 139 126 125 127
132 134 140 145 156 149 146 142 137 138 154 157 141 147 151 148 136 118 117 115 110 108 105 93 102 91 92 68 67 30 54 26 21 28 33 64 57 66 37 49 55 53 27 40 12 10 9 22 18 17 11 14 23 13 16 25 24 29 45 42 31 47 73 43 44 34 32 39 48 41 58 52 35 46 56 51 50 15 19 38 61 77 83 79 70 60 72 74 78 71 87 80 76 75 69 88 84 81 95 97 103 96 106 100 107 112 116 120 121 128 123 124 133 129 131 135 143 155 158 162 185 180 166 160 171 170 178 177 181 188 193 190 194 187 179 174 172 176 182 169 163 161 164 175 173 183 186 192 191 189 184 168 167 159 165 152 153 150 144 139 126 125 127 130
132 134 140 145 156 149 146 142 137 138 154 157 141 147 151 148 136 118 117 115 110 108 105 93 109 102 91 92 68 67 30 54 26 21 28 33 64 57 66 37 49 55 53 27 40 12 10 9 22 18 17 11 14 23 13 16 25 24 29 45 42 31 47 73 43 44 34 32 39 48 41 58 52 35 46 56 51 50 15 19 38 61 77 83 79 70 60 72 74 78 71 87 80 76 75 69 88 84 81 95 97 103 96 106 100 107 112 116 120 121 128 123 124 133 129 131 135 143 155 158 162 185 180 166 160 171 170 178 177 181 188 193 190 194 187 179 174 172 176 182 169 163 161 164 175 173 183 186 192 191 189 184 168 167 159 165 152 153 150 144 139 126 125 127 130
132 134 140 145 156 149 146 142 137 138 154 157 141 147 151 148 136 118 117 115 110 108 105 93 109 113 102 91 92 68 67 30 54 26 21 28 33 64 57 66 37 49 55 53 27 40 12 10 9 22 18 17 11 14 23 13 16 25 24 29 45 42 31 47 73 43 44 34 32 39 48 41 58 52 35 46 56 51 50 15 19 38 61 77 83 79 70 60 72 74 78 71 87 80 76 75 69 88 84 81 95 97 103 96 106 100 107 112 116 120 121 128 123 124 133 129 131 135 143 155 158 162 185 180 166 160 171 170 178 177 181 188 193 190 194 187 179 174 172 176 182 169 163 161 164 175 173 183 186 192 191 189 184 168 167 159 165 152 153 150 144 139 126 125 127 130
132 134 140 145 156 149 146 142 137 138 154 157 141 147 151 148 136 118 117 115 110 108 105 93 109 114 113 102 91 92 68 67 30 54 26 21 28 33 64 57 66 37 49 55 53 27 40 12 10 9 22 18 17 11 14 23 13 16 25 24 29 45 42 31 47 73 43 44 34 32 39 48 41 58 52 35 46 56 51 50 15 19 38 61 77 83 79 70 60 72 74 78 71 87 80 76 75 69 88 84 81 95 97 103 96 106 100 107 112 116 120 121 128 123 124 133 129 131 135 143 155 158 162 185 180 166 160 171 170 178 177 181 188 193 190 194 187 179 174 172 176 182 169 163 161 164 175 173 183 186 192 191 189 184 168 167 159 165 152 153 150 144 139 126 125 127 130
132 134 140 145 156 149 146 142 137 138 154 157 141 147 151 148 136 118 117 115 110 108 105 93 109 114 113 102 91 92 68 67 30 54 26 21 28 33 64 57 66 37 49 55 53 27 40 12 10 9 22 18 17 11 14 23 13 16 25 24 29 45 42 31 47 73 43 44 34 32 39 48 41 58 52 35 46 56 51 50 15 19 38 61 77 83 79 70 60 72 74 78 71 87 80 76 75 69 88 84 81 95 97 103 96 106 100 107 112 116 120 121 128 123 124 133 129 131 135 143 155 158 162 185 180 166 160 171 170 178 177 181 188 193 190 194 187 179 174 172 176 182 169 163 161 164 175 173 183 186 192 191 189 184 168 167 159 165 152 153 150 144 139 119 126 125 127 130
132 134 140 145 156 149 146 142 137 138 154 157 141 147 151 148 136 122 118 117 115 110 108 105 93 109 114 113 102 91 92 68 67 30 54 26 21 28 33 64 57 66 37 49 55 53 27 40 12 10 9 22 18 17 11 14 23 13 16 25 24 29 45 42 31 47 73 43 44 34 32 39 48 41 58 52 35 46 56 51 50 15 19 38 61 77 83 79 70 60 72 74 78 71 87 80 76 75 69 88 84 81 95 97 103 96 106 100 107 112 116 120 121 128 123 124 133 129 131 135 143 155 158 162 185 180 166 160 171 170 178 177 181 188 193 190 194 187 179 174 172 176 182 169 163 161 164 175 173 183 186 192 191 189 184 168 167 159 165 152 153 150 144 139 119 126 125 127 130
132 134 140 145 156 149 146 142 137 138 154 157 141 147 151 148 136 122 118 117 115 110 108 105 93 109 114 113 102 91 92 68 67 30 54 26 21 28 33 64 57 66 37 49 55 53 27 40 12 10 9 22 18 17 11 14 23 8 13 16 25 24 29 45 42 31 47 73 43 44 34 32 39 48 41 58 52 35 46 56 51 50 15 19 38 61 77 83 79 70 60 72 74 78 71 87 80 76 75 69 88 84 81 95 97 103 96 106 100 107 112 116 120 121 128 123 124 133 129 131 135 143 155 158 162 185 180 166 160 171 170 178 177 181 188 193 190 194 187 179 174 172 176 182 169 163 161 164 175 173 183 186 192 191 189 184 168 167 159 165 152 153 150 144 139 119 126 125 127 130
132 134 140 145 156 149 146 142 137 138 154 157 141 147 151 148 136 122 118 117 115 110 108 105 93 109 114 113 102 91 92 68 67 30 54 26 21 28 33 64 57 66 37 49 55 53 27 40 12 10 9 22 18 17 11 14 23 6 8 13 16 25 24 29 45 42 31 47 73 43 44 34 32 39 48 41 58 52 35 46 56 51 50 15 19 38 61 77 83 79 70 60 72 74 78 71 87 80 76 75 69 88 84 81 95 97 103 96 106 100 107 112 116 120 121 128 123 124 133 129 131 135 143 155 158 162 185 180 166 160 171 170 178 177 181 188 193 190 194 187 179 174 172 176 182 169 163 161 164 175 173 183 186 192 191 189 184 168 167 159 165 152 153 150 144 139 119 126 125 127 130
132 134 140 145 156 149 146 142 137 138 154 157 141 147 151 148 136 122 118 117 115 110 108 105 93 109 114 113 102 91 92 68 67 30 54 26 21 28 33 64 57 66 37 49 55 53 27 40 12 10 9 22 18 17 11 14 23 6 8 7 13 16 25 24 29 45 42 31 47 73 43 44 34 32 39 48 41 58 52 35 46 56 51 50 15 19 38 61 77 83 79 70 60 72 74 78 71 87 80 76 75 69 88 84 81 95 97 103 96 106 100 107 112 116 120 121 128 123 124 133 129 131 135 143 155 158 162 185 180 166 160 171 170 178 177 181 188 193 190 194 187 179 174 172 176 182 169 163 161 164 175 173 183 186 192 191 189 184 168 167 159 165 152 153 150 144 139 119 126 125 127 130
132 134 140 145 156 149 146 142 137 138 154 157 141 147 151 148 136 122 118 117 115 110 108 105 93 109 114 113 102 91 92 68 67 30 54 26 21 28 33 64 57 66 37 49 55 53 27 40 12 10 5 9 22 18 17 11 14 23 6 8 7 13 16 25 24 29 45 42 31 47 73 43 44 34 32 39 48 41 58 52 35 46 56 51 50 15 19 38 61 77 83 79 70 60 72 74 78 71 87 80 76 75 69 88 84 81 95 97 103 96 106 100 107 112 116 120 121 128 123 124 133 129 131 135 143 155 158 162 185 180 166 160 171 170 178 177 181 188 193 190 194 187 179 174 172 176 182 169 163 161 164 175 173 183 186 192 191 189 184 168 167 159 165 152 153 150 144 139 119 126 125 127 130
132 134 140 145 156 149 146 142 137 138 154 157 141 147 151 148 136 122 118 117 115 110 108 105 93 109 114 113 102 91 92 68 67 30 54 26 21 28 33 64 57 66 37 49 55 53 27 40 12 10 5 9 22 18 17 11 14 23 6 8 7 13 16 25 24 29 45 42 31 47 73 43 44 34 32 39 48 41 58 52 35 46 56 51 50 15 19 38 61 77 83 79 70 60 72 74 78 71 87 80 82 76 75 69 88 84 81 95 97 103 96 106 100 107 112 116 120 121 128 123 124 133 129 131 135 143 155 158 162 185 180 166 160 171 170 178 177 181 188 193 190 194 187 179 174 172 176 182 169 163 161 164 175 173 183 186 192 191 189 184 168 167 159 165 152 153 150 144 139 119 126 125 127 130
132 134 140 145 156 149 146 142 137 138 154 157 141 147 151 148 136 122 118 117 115 110 108 105 93 109 114 113 102 91 92 68 67 30 54 26 21 28 33 64 57 66 37 49 55 53 27 40 12 10 5 9 22 18 17 11 14 23 6 8 7 13 16 25 24 29 45 42 31 47 73 43 44 34 32 39 48 41 58 52 35 46 56 51 50 15 19 38 61 77 83 79 70 60 72 74 78 71 87 80 82 62 76 75 69 88 84 81 95 97 103 96 106 100 107 112 116 120 121 128 123 124 133 129 131 135 143 155 158 162 185 180 166 160 171 170 178 177 181 188 193 190 194 187 179 174 172 176 182 169 163 161 164 175 173 183 186 192 191 189 184 168 167 159 165 152 153 150 144 139 119 126 125 127 130
132 134 140 145 156 149 146 142 137 138 154 157 141 147 151 148 136 122 118 117 115 110 108 105 93 109 114 113 102 91 92 68 67 30 54 26 21 28 33 64 57 66 37 49 55 53 27 40 12 10 5 9 22 18 17 11 14 23 6 8 7 13 16 25 24 29 45 42 31 47 73 43 44 34 32 39 48 41 58 52 35 46 56 51 50 15 19 38 61 77 83 79 70 60 72 74 78 71 87 80 82 59 62 76 75 69 88 84 81 95 97 103 96 106 100 107 112 116 120 121 128 123 124 133 129 131 135 143 155 158 162 185 180 166 160 171 170 178 177 181 188 193 190 194 187 179 174 172 176 182 169 163 161 164 175 173 183 186 192 191 189 184 168 167 159 165 152 153 150 144 139 119 126 125 127 130
132 134 140 145 156 149 146 142 137 138 154 157 141 147 151 148 136 122 118 117 115 110 108 105 93 109 114 113 102 91 92 68 67 30 54 26 21 28 33 64 57 66 37 49 55 53 27 40 12 10 5 9 22 18 17 11 14 23 6 8 7 13 16 25 24 29 45 42 31 47 73 43 44 34 32 39 48 41 58 52 35 46 56 51 50 15 19 38 61 77 83 79 70 60 72 74 78 71 87 80 82 36 59 62 76 75 69 88 84 81 95 97 103 96 106 100 107 112 116 120 121 128 123 124 133 129 131 135 143 155 158 162 185 180 166 160 171 170 178 177 181 188 193 190 194 187 179 174 172 176 182 169 163 161 164 175 173 183 186 192 191 189 184 168 167 159 165 152 153 150 144 139 119 126 125 127 130
132 134 140 145 156 149 146 142 137 138 154 157 141 147 151 148 136 122 118 117 115 110 108 105 93 109 114 113 102 91 92 68 67 30 54 26 21 28 33 64 57 66 37 49 55 53 27 40 12 10 5 9 22 18 17 11 14 23 6 8 7 13 16 25 24 29 45 42 31 47 73 43 44 34 32 39 48 41 58 52 35 46 56 51 50 15 19 38 61 77 83 79 70 60 72 74 78 71 87 80 82 36 63 59 62 76 75 69 88 84 81 95 97 103 96 106 100 107 112 116 120 121 128 123 124 133 129 131 135 143 155 158 162 185 180 166 160 171 170 178 177 181 188 193 190 194 187 179 174 172 176 182 169 163 161 164 175 173 183 186 192 191 189 184 168 167 159 165 152 153 150 144 139 119 126 125 127 130
132 134 140 145 156 149 146 142 137 138 154 157 141 147 151 148 136 122 118 117 115 110 108 105 93 109 114 113 102 91 92 68 67 30 54 26 21 28 33 64 57 66 37 49 55 53 27 40 12 10 5 9 22 18 17 11 14 23 6 8 7 13 16 25 24 29 45 42 31 47 73 43 44 34 32 39 48 41 58 52 35 46 56 51 50 15 19 38 61 77 83 79 70 60 72 74 78 71 87 80 82 36 63 65 59 62 76 75 69 88 84 81 95 97 103 96 106 100 107 112 116 120 121 128 123 124 133 129 131 135 143 155 158 162 185 180 166 160 171 170 178 177 181 188 193 190 194 187 179 174 172 176 182 169 163 161 164 175 173 183 186 192 191 189 184 168 167 159 165 152 153 150 144 139 119 126 125 127 130
132 134 140 145 156 149 146 142 137 138 154 157 141 147 151 148 136 122 118 117 115 110 108 105 93 109 114 113 102 91 92 68 67 30 54 26 21 28 33 64 57 66 37 49 55 53 27 40 12 10 5 9 22 18 17 11 14 23 6 8 7 13 16 25 24 29 45 42 31 47 73 43 44 34 32 39 48 41 58 52 35 46 56 51 50 15 19 38 61 77 83 79 70 60 72 74 78 71 87 80 82 36 63 65 85 59 62 76 75 69 88 84 81 95 97 103 96 106 100 107 112 116 120 121 128 123 124 133 129 131 135 143 155 158 162 185 180 166 160 171 170 178 177 181 188 193 190 194 187 179 174 172 176 182 169 163 161 164 175 173 183 186 192 191 189 184 168 167 159 165 152 153 150 144 139 119 126 125 127 130
132 134 140 145 156 149 146 142 137 138 154 157 141 147 151 148 136 122 118 117 115 110 108 105 93 109 114 113 102 91 92 68 67 30 54 26 21 28 33 64 57 66 37 49 55 53 27 40 12 10 5 9 22 18 17 11 14 23 6 8 7 13 16 25 24 29 45 42 31 47 73 43 44 34 32 39 48 41 58 52 35 46 56 51 50 15 19 38 61 77 83 79 70 60 72 74 78 71 87 80 82 36 63 65 86 85 59 62 76 75 69 88 84 81 95 97 103 96 106 100 107 112 116 120 121 128 123 124 133 129 131 135 143 155 158 162 185 180 166 160 171 170 178 177 181 188 193 190 194 187 179 174 172 176 182 169 163 161 164 175 173 183 186 192 191 189 184 168 167 159 165 152 153 150 144 139 119 126 125 127 130
132 134 140 145 156 149 146 142 137 138 154 157 141 147 151 148 136 122 118 117 115 110 108 105 93 109 114 113 102 91 92 68 67 30 54 26 21 28 33 64 57 66 37 49 55 53 27 40 12 10 5 9 22 18 17 11 14 23 6 8 7 13 16 25 24 29 45 42 31 47 73 43 44 34 32 39 48 41 58 52 35 46 56 51 50 15 19 38 61 77 83 79 70 60 72 74 78 71 87 80 82 36 63 65 86 98 85 59 62 76 75 69 88 84 81 95 97 103 96 106 100 107 112 116 120 121 128 123 124 133 129 131 135 143 155 158 162 185 180 166 160 171 170 178 177 181 188 193 190 194 187 179 174 172 176 182 169 163 161 164 175 173 183 186 192 191 189 184 168 167 159 165 152 153 150 144 139 119 126 125 127 130
132 134 140 145 156 149 146 142 137 138 154 157 141 147 151 148 136 122 118 117 115 110 108 105 93 109 114 113 102 91 92 68 67 30 54 26 21 28 33 64 57 66 37 49 55 53 27 40 12 10 5 9 22 18 17 11 14 23 6 8 7 13 16 25 24 29 45 42 31 47 73 43 44 34 32 39 48 41 58 52 35 46 56 51 50 15 19 38 61 77 83 79 70 60 72 74 78 71 87 80 82 36 63 65 86 98 90 85 59 62 76 75 69 88 84 81 95 97 103 96 106 100 107 112 116 120 121 128 123 124 133 129 131 135 143 155 158 162 185 180 166 160 171 170 178 177 181 188 193 190 194 187 179 174 172 176 182 169 163 161 164 175 173 183 186 192 191 189 184 168 167 159 165 152 153 150 144 139 119 126 125 127 130
132 134 140 145 156 149 146 142 137 138 154 157 141 147 151 148 136 122 118 117 115 110 108 105 93 109 114 113 102 91 92 68 67 30 54 26 21 28 33 64 57 66 37 49 55 53 27 40 12 10 5 9 22 18 17 11 14 23 6 8 7 13 16 25 24 29 45 42 31 47 73 43 44 34 32 39 48 41 58 52 35 46 56 51 50 15 19 38 61 77 83 79 70 60 72 74 78 71 87 80 82 36 63 65 86 98 94 90 85 59 62 76 75 69 88 84 81 95 97 103 96 106 100 107 112 116 120 121 128 123 124 133 129 131 135 143 155 158 162 185 180 166 160 171 170 178 177 181 188 193 190 194 187 179 174 172 176 182 169 163 161 164 175 173 183 186 192 191 189 184 168 167 159 165 152 153 150 144 139 119 126 125 127 130
132 134 140 145 156 149 146 142 137 138 154 157 141 147 151 148 136 122 118 117 115 110 108 105 93 109 114 113 102 91 92 68 67 30 54 26 21 28 33 64 57 66 37 49 55 53 27 40 12 10 5 9 22 18 17 11 14 23 6 8 7 13 16 25 24 29 45 42 31 47 73 43 44 34 32 39 48 41 58 52 35 46 56 51 50 15 19 38 61 77 83 79 70 60 72 74 78 71 87 80 82 36 63 65 86 98 99 94 90 85 59 62 76 75 69 88 84 81 95 97 103 96 106 100 107 112 116 120 121 128 123 124 133 129 131 135 143 155 158 162 185 180 166 160 171 170 178 177 181 188 193 190 194 187 179 174 172 176 182 169 163 161 164 175 173 183 186 192 191 189 184 168 167 159 165 152 153 150 144 139 119 126 125 127 130
132 134 140 145 156 149 146 142 137 138 154 157 141 147 151 148 136 122 118 117 115 110 108 105 93 109 114 113 102 91 92 68 67 30 54 26 21 28 33 64 57 66 37 49 55 53 27 40 12 10 5 9 22 18 17 11 14 23 6 8 7 13 16 25 24 29 45 42 31 47 73 43 44 34 32 39 48 41 58 52 35 46 56 51 50 15 19 38 61 77 83 79 70 60 72 74 78 71 87 80 82 36 63 65 86 98 101 99 94 90 85 59 62 76 75 69 88 84 81 95 97 103 96 106 100 107 112 116 120 121 128 123 124 133 129 131 135 143 155 158 162 185 180 166 160 171 170 178 177 181 188 193 190 194 187 179 174 172 176 182 169 163 161 164 175 173 183 186 192 191 189 184 168 167 159 165 152 153 150 144 139 119 126 125 127 130
132 134 140 145 156 149 146 142 137 138 154 157 141 147 151 148 136 122 118 117 115 110 108 105 93 109 114 113 102 91 92 68 67 30 54 26 21 28 33 64 57 66 37 49 55 53 27 40 12 10 5 9 22 18 17 11 14 23 6 8 7 13 16 25 24 29 45 42 31 47 73 43 44 34 32 39 48 41 58 52 35 46 56 51 50 15 19 38 61 77 83 79 70 60 72 74 78 71 87 80 82 36 63 65 86 98 104 101 99 94 90 85 59 62 76 75 69 88 84 81 95 97 103 96 106 100 107 112 116 120 121 128 123 124 133 129 131 135 143 155 158 162 185 180 166 160 171 170 178 177 181 188 193 190 194 187 179 174 172 176 182 169 163 161 164 175 173 183 186 192 191 189 184 168 167 159 165 152 153 150 144 139 119 126 125 127 130
132 134 140 145 156 149 146 142 137 138 154 157 141 147 151 148 136 122 118 117 115 110 108 105 93 109 114 113 102 91 92 68 67 30 54 26 21 28 33 64 57 66 37 49 55 53 27 40 12 10 5 9 22 18 17 11 14 23 6 8 7 13 16 25 24 29 45 42 31 47 73 43 44 34 32 39 48 41 58 52 35 46 56 51 50 15 19 38 61 77 83 79 70 60 72 74 78 71 87 80 82 36 63 65 86 98 104 101 99 89 94 90 85 59 62 76 75 69 88 84 81 95 97 103 96 106 100 107 112 116 120 121 128 123 124 133 129 131 135 143 155 158 162 185 180 166 160 171 170 178 177 181 188 193 190 194 187 179 174 172 176 182 169 163 161 164 175 173 183 186 192 191 189 184 168 167 159 165 152 153 150 144 139 119 126 125 127 130
132 134 140 145 156 149 146 142 137 138 154 157 141 147 151 148 136 122 118 117 115 110 108 105 93 109 114 113 102 91 92 68 67 30 54 26 21 28 33 64 57 66 37 49 55 53 27 40 12 10 5 9 22 18 17 11 14 23 6 8 7 13 16 25 24 29 45 42 31 47 73 43 44 34 32 39 48 41 58 52 35 46 56 51 50 15 19 38 61 77 83 79 70 60 72 74 78 71 87 80 82 36 63 65 86 98 104 111 101 99 89 94 90 85 59 62 76 75 69 88 84 81 95 97 103 96 106 100 107 112 116 120 121 128 123 124 133 129 131 135 143 155 158 162 185 180 166 160 171 170 178 177 181 188 193 190 194 187 179 174 172 176 182 169 163 161 164 175 173 183 186 192 191 189 184 168 167 159 165 152 153 150 144 139 119 126 125 127 130
132 134 140 145 156 149 146 142 137 138 154 157 141 147 151 148 136 122 118 117 115 110 108 105 93 109 114 113 102 91 92 68 67 30 54 26 21 28 33 64 57 66 37 49 55 53 27 40 12 10 5 9 22 18 17 11 14 23 6 8 7 13 16 25 24 29 45 42 31 47 73 43 44 34 32 39 48 41 58 52 35 46 56 51 50 15 19 38 61 77 83 79 70 60 72 74 78 71 87 80 82 36 63 65 86 98 104 111 101 99 89 94 90 85 20 59 62 76 75 69 88 84 81 95 97 103 96 106 100 107 112 116 120 121 128 123 124 133 129 131 135 143 155 158 162 185 180 166 160 171 170 178 177 181 188 193 190 194 187 179 174 172 176 182 169 163 161 164 175 173 183 186 192 191 189 184 168 167 159 165 152 153 150 144 139 119 126 125 127 130
132 134 140 145 156 149 146 142 137 138 154 157 141 147 151 148 136 122 118 117 115 110 108 105 93 109 114 113 102 91 92 68 67 30 54 26 21 28 33 64 57 66 37 49 55 53 27 40 12 10 5 9 22 18 17 11 14 23 4 6 8 7 13 16 25 24 29 45 42 31 47 73 43 44 34 32 39 48 41 58 52 35 46 56 51 50 15 19 38 61 77 83 79 70 60 72 74 78 71 87 80 82 36 63 65 86 98 104 111 101 99 89 94 90 85 20 59 62 76 75 69 88 84 81 95 97 103 96 106 100 107 112 116 120 121 128 123 124 133 129 131 135 143 155 158 162 185 180 166 160 171 170 178 177 181 188 193 190 194 187 179 174 172 176 182 169 163 161 164 175 173 183 186 192 191 189 184 168 167 159 165 152 153 150 144 139 119 126 125 127 130
132 134 140 145 156 149 146 142 137 138 154 157 141 147 151 148 136 122 118 117 115 110 108 105 93 109 114 113 102 91 92 68 67 30 54 26 21 28 33 64 57 66 37 49 55 53 27 40 12 10 5 9 22 18 17 11 14 23 2 4 6 8 7 13 16 25 24 29 45 42 31 47 73 43 44 34 32 39 48 41 58 52 35 46 56 51 50 15 19 38 61 77 83 79 70 60 72 74 78 71 87 80 82 36 63 65 86 98 104 111 101 99 89 94 90 85 20 59 62 76 75 69 88 84 81 95 97 103 96 106 100 107 112 116 120 121 128 123 124 133 129 131 135 143 155 158 162 185 180 166 160 171 170 178 177 181 188 193 190 194 187 179 174 172 176 182 169 163 161 164 175 173 183 186 192 191 189 184 168 167 159 165 152 153 150 144 139 119 126 125 127 130
132 134 140 145 156 149 146 142 137 138 154 157 141 147 151 148 136 122 118 117 115 110 108 105 93 109 114 113 102 91 92 68 67 30 54 26 21 28 33 64 57 66 37 49 55 53 27 40 12 10 5 9 22 18 17 11 14 23 2 3 4 6 8 7 13 16 25 24 29 45 42 31 47 73 43 44 34 32 39 48 41 58 52 35 46 56 51 50 15 19 38 61 77 83 79 70 60 72 74 78 71 87 80 82 36 63 65 86 98 104 111 101 99 89 94 90 85 20 59 62 76 75 69 88 84 81 95 97 103 96 106 100 107 112 116 120 121 128 123 124 133 129 131 135 143 155 158 162 185 180 166 160 171 170 178 177 181 188 193 190 194 187 179 174 172 176 182 169 163 161 164 175 173 183 186 192 191 189 184 168 167 159 165 152 153 150 144 139 119 126 125 127 130
132 134 140 145 156 149 146 142 137 138 154 157 141 147 151 148 136 122 118 117 115 110 108 105 93 109 114 113 102 91 92 68 67 30 54 26 21 28 33 64 57 66 37 49 55 53 27 40 12 10 5 9 22 18 17 11 14 23 2 3 4 1 6 8 7 13 16 25 24 29 45 42 31 47 73 43 44 34 32 39 48 41 58 52 35 46 56 51 50 15 19 38 61 77 83 79 70 60 72 74 78 71 87 80 82 36 63 65 86 98 104 111 101 99 89 94 90 85 20 59 62 76 75 69 88 84 81 95 97 103 96 106 100 107 112 116 120 121 128 123 124 133 129 131 135 143 155 158 162 185 180 166 160 171 170 178 177 181 188 193 190 194 187 179 174 172 176 182 169 163 161 164 175 173 183 186 192 191 189 184 168 167 159 165 152 153 150 144 139 119 126 125 127 130
